0.125	0.0625	0.0625	0.535
0.125	0.0625	0.125	0.414
0.125	0.0625	0.25	0.491
0.125	0.0625	0.5	0.536
0.125	0.0625	1	0.547
0.125	0.0625	2	0.502
0.125	0.0625	4	0.436
0.125	0.0625	8	0.387
0.125	0.0625	16	0.313
0.125	0.0625	32	0.281
0.125	0.0625	64	0.323
0.125	0.125	0.0625	0.192
0.125	0.125	0.125	0.281
0.125	0.125	0.25	0.474
0.125	0.125	0.5	0.519
0.125	0.125	1	0.53
0.125	0.125	2	0.519
0.125	0.125	4	0.46
0.125	0.125	8	0.4
0.125	0.125	16	0.384
0.125	0.125	32	0.393
0.125	0.125	64	0.339
0.125	0.25	0.0625	0.27
0.125	0.25	0.125	0.347
0.125	0.25	0.25	0.47
0.125	0.25	0.5	0.552
0.125	0.25	1	0.584
0.125	0.25	2	0.551
0.125	0.25	4	0.505
0.125	0.25	8	0.486
0.125	0.25	16	0.461
0.125	0.25	32	0.415
0.125	0.25	64	0.306
0.125	0.5	0.0625	0.385
0.125	0.5	0.125	0.438
0.125	0.5	0.25	0.485
0.125	0.5	0.5	0.562
0.125	0.5	1	0.571
0.125	0.5	2	0.572
0.125	0.5	4	0.531
0.125	0.5	8	0.494
0.125	0.5	16	0.492
0.125	0.5	32	0.365
0.125	0.5	64	0.281
0.125	1	0.0625	0.435
0.125	1	0.125	0.494
0.125	1	0.25	0.494
0.125	1	0.5	0.547
0.125	1	1	0.576
0.125	1	2	0.56
0.125	1	4	0.525
0.125	1	8	0.495
0.125	1	16	0.405
0.125	1	32	0.375
0.125	1	64	0.309
0.125	2	0.0625	0.492
0.125	2	0.125	0.473
0.125	2	0.25	0.513
0.125	2	0.5	0.543
0.125	2	1	0.574
0.125	2	2	0.566
0.125	2	4	0.55
0.125	2	8	0.529
0.125	2	16	0.459
0.125	2	32	0.434
0.125	2	64	0.406
0.125	4	0.0625	0.448
0.125	4	0.125	0.412
0.125	4	0.25	0.504
0.125	4	0.5	0.522
0.125	4	1	0.536
0.125	4	2	0.52
0.125	4	4	0.517
0.125	4	8	0.527
0.125	4	16	0.523
0.125	4	32	0.514
0.125	4	64	0.499
0.125	8	0.0625	0.455
0.125	8	0.125	0.426
0.125	8	0.25	0.413
0.125	8	0.5	0.426
0.125	8	1	0.436
0.125	8	2	0.446
0.125	8	4	0.454
0.125	8	8	0.497
0.125	8	16	0.468
0.125	8	32	0.535
0.125	8	64	0.522
0.125	16	0.0625	0.427
0.125	16	0.125	0.39
0.125	16	0.25	0.376
0.125	16	0.5	0.381
0.125	16	1	0.357
0.125	16	2	0.347
0.125	16	4	0.371
0.125	16	8	0.422
0.125	16	16	0.458
0.125	16	32	0.491
0.125	16	64	0.496
0.125	32	0.0625	0.402
0.125	32	0.125	0.352
0.125	32	0.25	0.348
0.125	32	0.5	0.317
0.125	32	1	0.312
0.125	32	2	0.304
0.125	32	4	0.331
0.125	32	8	0.363
0.125	32	16	0.419
0.125	32	32	0.461
0.125	32	64	0.466
0.125	64	0.0625	0.389
0.125	64	0.125	0.332
0.125	64	0.25	0.32
0.125	64	0.5	0.299
0.125	64	1	0.294
0.125	64	2	0.304
0.125	64	4	0.336
0.125	64	8	0.37
0.125	64	16	0.408
0.125	64	32	0.418
0.125	64	64	0.412
0.25	0.0625	0.0625	0.736
0.25	0.0625	0.125	0.727
0.25	0.0625	0.25	0.705
0.25	0.0625	0.5	0.653
0.25	0.0625	1	0.628
0.25	0.0625	2	0.604
0.25	0.0625	4	0.573
0.25	0.0625	8	0.502
0.25	0.0625	16	0.398
0.25	0.0625	32	0.384
0.25	0.0625	64	0.366
0.25	0.125	0.0625	0.708
0.25	0.125	0.125	0.649
0.25	0.125	0.25	0.647
0.25	0.125	0.5	0.662
0.25	0.125	1	0.634
0.25	0.125	2	0.578
0.25	0.125	4	0.523
0.25	0.125	8	0.486
0.25	0.125	16	0.441
0.25	0.125	32	0.383
0.25	0.125	64	0.336
0.25	0.25	0.0625	0.536
0.25	0.25	0.125	0.561
0.25	0.25	0.25	0.611
0.25	0.25	0.5	0.634
0.25	0.25	1	0.636
0.25	0.25	2	0.592
0.25	0.25	4	0.568
0.25	0.25	8	0.476
0.25	0.25	16	0.422
0.25	0.25	32	0.388
0.25	0.25	64	0.358
0.25	0.5	0.0625	0.553
0.25	0.5	0.125	0.594
0.25	0.5	0.25	0.633
0.25	0.5	0.5	0.623
0.25	0.5	1	0.608
0.25	0.5	2	0.585
0.25	0.5	4	0.555
0.25	0.5	8	0.521
0.25	0.5	16	0.474
0.25	0.5	32	0.429
0.25	0.5	64	0.389
0.25	1	0.0625	0.552
0.25	1	0.125	0.55
0.25	1	0.25	0.584
0.25	1	0.5	0.625
0.25	1	1	0.633
0.25	1	2	0.604
0.25	1	4	0.549
0.25	1	8	0.512
0.25	1	16	0.477
0.25	1	32	0.445
0.25	1	64	0.417
0.25	2	0.0625	0.566
0.25	2	0.125	0.514
0.25	2	0.25	0.549
0.25	2	0.5	0.578
0.25	2	1	0.598
0.25	2	2	0.561
0.25	2	4	0.537
0.25	2	8	0.522
0.25	2	16	0.474
0.25	2	32	0.458
0.25	2	64	0.418
0.25	4	0.0625	0.542
0.25	4	0.125	0.487
0.25	4	0.25	0.497
0.25	4	0.5	0.541
0.25	4	1	0.555
0.25	4	2	0.55
0.25	4	4	0.525
0.25	4	8	0.519
0.25	4	16	0.459
0.25	4	32	0.454
0.25	4	64	0.446
0.25	8	0.0625	0.51
0.25	8	0.125	0.462
0.25	8	0.25	0.457
0.25	8	0.5	0.511
0.25	8	1	0.52
0.25	8	2	0.515
0.25	8	4	0.482
0.25	8	8	0.49
0.25	8	16	0.447
0.25	8	32	0.459
0.25	8	64	0.453
0.25	16	0.0625	0.507
0.25	16	0.125	0.458
0.25	16	0.25	0.446
0.25	16	0.5	0.503
0.25	16	1	0.469
0.25	16	2	0.444
0.25	16	4	0.445
0.25	16	8	0.429
0.25	16	16	0.429
0.25	16	32	0.418
0.25	16	64	0.447
0.25	32	0.0625	0.467
0.25	32	0.125	0.407
0.25	32	0.25	0.392
0.25	32	0.5	0.375
0.25	32	1	0.392
0.25	32	2	0.36
0.25	32	4	0.364
0.25	32	8	0.374
0.25	32	16	0.401
0.25	32	32	0.414
0.25	32	64	0.423
0.25	64	0.0625	0.418
0.25	64	0.125	0.377
0.25	64	0.25	0.362
0.25	64	0.5	0.373
0.25	64	1	0.345
0.25	64	2	0.342
0.25	64	4	0.344
0.25	64	8	0.365
0.25	64	16	0.398
0.25	64	32	0.427
0.25	64	64	0.405
0.5	0.0625	0.0625	0.701
0.5	0.0625	0.125	0.703
0.5	0.0625	0.25	0.717
0.5	0.0625	0.5	0.745
0.5	0.0625	1	0.71
0.5	0.0625	2	0.701
0.5	0.0625	4	0.64
0.5	0.0625	8	0.601
0.5	0.0625	16	0.55
0.5	0.0625	32	0.516
0.5	0.0625	64	0.496
0.5	0.125	0.0625	0.713
0.5	0.125	0.125	0.718
0.5	0.125	0.25	0.736
0.5	0.125	0.5	0.731
0.5	0.125	1	0.706
0.5	0.125	2	0.68
0.5	0.125	4	0.624
0.5	0.125	8	0.598
0.5	0.125	16	0.481
0.5	0.125	32	0.455
0.5	0.125	64	0.419
0.5	0.25	0.0625	0.74
0.5	0.25	0.125	0.737
0.5	0.25	0.25	0.737
0.5	0.25	0.5	0.734
0.5	0.25	1	0.731
0.5	0.25	2	0.671
0.5	0.25	4	0.614
0.5	0.25	8	0.577
0.5	0.25	16	0.512
0.5	0.25	32	0.444
0.5	0.25	64	0.388
0.5	0.5	0.0625	0.727
0.5	0.5	0.125	0.718
0.5	0.5	0.25	0.738
0.5	0.5	0.5	0.742
0.5	0.5	1	0.727
0.5	0.5	2	0.659
0.5	0.5	4	0.584
0.5	0.5	8	0.549
0.5	0.5	16	0.496
0.5	0.5	32	0.451
0.5	0.5	64	0.382
0.5	1	0.0625	0.716
0.5	1	0.125	0.669
0.5	1	0.25	0.711
0.5	1	0.5	0.718
0.5	1	1	0.705
0.5	1	2	0.629
0.5	1	4	0.556
0.5	1	8	0.503
0.5	1	16	0.463
0.5	1	32	0.46
0.5	1	64	0.389
0.5	2	0.0625	0.67
0.5	2	0.125	0.621
0.5	2	0.25	0.62
0.5	2	0.5	0.602
0.5	2	1	0.612
0.5	2	2	0.568
0.5	2	4	0.529
0.5	2	8	0.513
0.5	2	16	0.483
0.5	2	32	0.457
0.5	2	64	0.355
0.5	4	0.0625	0.617
0.5	4	0.125	0.574
0.5	4	0.25	0.526
0.5	4	0.5	0.567
0.5	4	1	0.557
0.5	4	2	0.545
0.5	4	4	0.521
0.5	4	8	0.512
0.5	4	16	0.491
0.5	4	32	0.412
0.5	4	64	0.378
0.5	8	0.0625	0.586
0.5	8	0.125	0.544
0.5	8	0.25	0.489
0.5	8	0.5	0.496
0.5	8	1	0.553
0.5	8	2	0.518
0.5	8	4	0.498
0.5	8	8	0.472
0.5	8	16	0.464
0.5	8	32	0.41
0.5	8	64	0.396
0.5	16	0.0625	0.551
0.5	16	0.125	0.527
0.5	16	0.25	0.475
0.5	16	0.5	0.443
0.5	16	1	0.484
0.5	16	2	0.492
0.5	16	4	0.461
0.5	16	8	0.436
0.5	16	16	0.397
0.5	16	32	0.39
0.5	16	64	0.403
0.5	32	0.0625	0.53
0.5	32	0.125	0.499
0.5	32	0.25	0.447
0.5	32	0.5	0.437
0.5	32	1	0.412
0.5	32	2	0.416
0.5	32	4	0.379
0.5	32	8	0.39
0.5	32	16	0.392
0.5	32	32	0.431
0.5	32	64	0.376
0.5	64	0.0625	0.488
0.5	64	0.125	0.452
0.5	64	0.25	0.414
0.5	64	0.5	0.385
0.5	64	1	0.4
0.5	64	2	0.4
0.5	64	4	0.398
0.5	64	8	0.372
0.5	64	16	0.374
0.5	64	32	0.392
0.5	64	64	0.361
1	0.0625	0.0625	0.698
1	0.0625	0.125	0.704
1	0.0625	0.25	0.712
1	0.0625	0.5	0.724
1	0.0625	1	0.736
1	0.0625	2	0.726
1	0.0625	4	0.701
1	0.0625	8	0.668
1	0.0625	16	0.627
1	0.0625	32	0.604
1	0.0625	64	0.591
1	0.125	0.0625	0.71
1	0.125	0.125	0.717
1	0.125	0.25	0.722
1	0.125	0.5	0.731
1	0.125	1	0.743
1	0.125	2	0.729
1	0.125	4	0.697
1	0.125	8	0.656
1	0.125	16	0.599
1	0.125	32	0.57
1	0.125	64	0.543
1	0.25	0.0625	0.72
1	0.25	0.125	0.722
1	0.25	0.25	0.731
1	0.25	0.5	0.741
1	0.25	1	0.744
1	0.25	2	0.726
1	0.25	4	0.688
1	0.25	8	0.632
1	0.25	16	0.57
1	0.25	32	0.515
1	0.25	64	0.48
1	0.5	0.0625	0.748
1	0.5	0.125	0.751
1	0.5	0.25	0.751
1	0.5	0.5	0.742
1	0.5	1	0.738
1	0.5	2	0.728
1	0.5	4	0.678
1	0.5	8	0.614
1	0.5	16	0.551
1	0.5	32	0.454
1	0.5	64	0.44
1	1	0.0625	0.741
1	1	0.125	0.745
1	1	0.25	0.738
1	1	0.5	0.731
1	1	1	0.741
1	1	2	0.735
1	1	4	0.661
1	1	8	0.573
1	1	16	0.513
1	1	32	0.434
1	1	64	0.4
1	2	0.0625	0.712
1	2	0.125	0.717
1	2	0.25	0.714
1	2	0.5	0.717
1	2	1	0.734
1	2	2	0.727
1	2	4	0.616
1	2	8	0.532
1	2	16	0.476
1	2	32	0.392
1	2	64	0.369
1	4	0.0625	0.668
1	4	0.125	0.644
1	4	0.25	0.645
1	4	0.5	0.618
1	4	1	0.628
1	4	2	0.596
1	4	4	0.548
1	4	8	0.507
1	4	16	0.493
1	4	32	0.381
1	4	64	0.356
1	8	0.0625	0.627
1	8	0.125	0.606
1	8	0.25	0.577
1	8	0.5	0.536
1	8	1	0.489
1	8	2	0.496
1	8	4	0.518
1	8	8	0.479
1	8	16	0.417
1	8	32	0.362
1	8	64	0.375
1	16	0.0625	0.598
1	16	0.125	0.579
1	16	0.25	0.54
1	16	0.5	0.514
1	16	1	0.502
1	16	2	0.454
1	16	4	0.414
1	16	8	0.381
1	16	16	0.36
1	16	32	0.347
1	16	64	0.368
1	32	0.0625	0.563
1	32	0.125	0.535
1	32	0.25	0.502
1	32	0.5	0.485
1	32	1	0.464
1	32	2	0.435
1	32	4	0.404
1	32	8	0.397
1	32	16	0.368
1	32	32	0.371
1	32	64	0.337
1	64	0.0625	0.52
1	64	0.125	0.501
1	64	0.25	0.473
1	64	0.5	0.452
1	64	1	0.434
1	64	2	0.418
1	64	4	0.394
1	64	8	0.373
1	64	16	0.368
1	64	32	0.38
1	64	64	0.365
2	0.0625	0.0625	0.633
2	0.0625	0.125	0.635
2	0.0625	0.25	0.639
2	0.0625	0.5	0.665
2	0.0625	1	0.705
2	0.0625	2	0.713
2	0.0625	4	0.701
2	0.0625	8	0.667
2	0.0625	16	0.636
2	0.0625	32	0.615
2	0.0625	64	0.604
2	0.125	0.0625	0.653
2	0.125	0.125	0.649
2	0.125	0.25	0.66
2	0.125	0.5	0.68
2	0.125	1	0.711
2	0.125	2	0.719
2	0.125	4	0.705
2	0.125	8	0.667
2	0.125	16	0.634
2	0.125	32	0.612
2	0.125	64	0.599
2	0.25	0.0625	0.666
2	0.25	0.125	0.668
2	0.25	0.25	0.677
2	0.25	0.5	0.692
2	0.25	1	0.718
2	0.25	2	0.725
2	0.25	4	0.704
2	0.25	8	0.663
2	0.25	16	0.623
2	0.25	32	0.597
2	0.25	64	0.578
2	0.5	0.0625	0.691
2	0.5	0.125	0.695
2	0.5	0.25	0.705
2	0.5	0.5	0.716
2	0.5	1	0.727
2	0.5	2	0.724
2	0.5	4	0.705
2	0.5	8	0.667
2	0.5	16	0.6
2	0.5	32	0.547
2	0.5	64	0.527
2	1	0.0625	0.712
2	1	0.125	0.715
2	1	0.25	0.721
2	1	0.5	0.726
2	1	1	0.726
2	1	2	0.718
2	1	4	0.69
2	1	8	0.646
2	1	16	0.574
2	1	32	0.479
2	1	64	0.465
2	2	0.0625	0.705
2	2	0.125	0.704
2	2	0.25	0.704
2	2	0.5	0.716
2	2	1	0.707
2	2	2	0.691
2	2	4	0.659
2	2	8	0.612
2	2	16	0.528
2	2	32	0.419
2	2	64	0.419
2	4	0.0625	0.664
2	4	0.125	0.659
2	4	0.25	0.653
2	4	0.5	0.68
2	4	1	0.671
2	4	2	0.652
2	4	4	0.617
2	4	8	0.569
2	4	16	0.47
2	4	32	0.367
2	4	64	0.368
2	8	0.0625	0.624
2	8	0.125	0.617
2	8	0.25	0.606
2	8	0.5	0.59
2	8	1	0.563
2	8	2	0.528
2	8	4	0.482
2	8	8	0.42
2	8	16	0.367
2	8	32	0.352
2	8	64	0.35
2	16	0.0625	0.587
2	16	0.125	0.576
2	16	0.25	0.562
2	16	0.5	0.549
2	16	1	0.53
2	16	2	0.505
2	16	4	0.456
2	16	8	0.393
2	16	16	0.36
2	16	32	0.348
2	16	64	0.326
2	32	0.0625	0.541
2	32	0.125	0.532
2	32	0.25	0.52
2	32	0.5	0.512
2	32	1	0.501
2	32	2	0.483
2	32	4	0.435
2	32	8	0.383
2	32	16	0.362
2	32	32	0.349
2	32	64	0.331
2	64	0.0625	0.503
2	64	0.125	0.496
2	64	0.25	0.488
2	64	0.5	0.484
2	64	1	0.476
2	64	2	0.461
2	64	4	0.418
2	64	8	0.375
2	64	16	0.362
2	64	32	0.352
2	64	64	0.34
4	0.0625	0.0625	0.184
4	0.0625	0.125	0.188
4	0.0625	0.25	0.0531
4	0.0625	0.5	0.14
4	0.0625	1	0.548
4	0.0625	2	0.627
4	0.0625	4	0.64
4	0.0625	8	0.621
4	0.0625	16	0.583
4	0.0625	32	0.563
4	0.0625	64	0.555
4	0.125	0.0625	0.251
4	0.125	0.125	0.207
4	0.125	0.25	0.216
4	0.125	0.5	0.259
4	0.125	1	0.561
4	0.125	2	0.641
4	0.125	4	0.653
4	0.125	8	0.634
4	0.125	16	0.594
4	0.125	32	0.571
4	0.125	64	0.559
4	0.25	0.0625	0.438
4	0.25	0.125	0.437
4	0.25	0.25	0.462
4	0.25	0.5	0.536
4	0.25	1	0.583
4	0.25	2	0.648
4	0.25	4	0.66
4	0.25	8	0.642
4	0.25	16	0.602
4	0.25	32	0.58
4	0.25	64	0.568
4	0.5	0.0625	0.546
4	0.5	0.125	0.548
4	0.5	0.25	0.583
4	0.5	0.5	0.581
4	0.5	1	0.603
4	0.5	2	0.657
4	0.5	4	0.668
4	0.5	8	0.647
4	0.5	16	0.606
4	0.5	32	0.58
4	0.5	64	0.565
4	1	0.0625	0.6
4	1	0.125	0.603
4	1	0.25	0.608
4	1	0.5	0.62
4	1	1	0.635
4	1	2	0.656
4	1	4	0.664
4	1	8	0.634
4	1	16	0.58
4	1	32	0.547
4	1	64	0.527
4	2	0.0625	0.601
4	2	0.125	0.604
4	2	0.25	0.61
4	2	0.5	0.619
4	2	1	0.637
4	2	2	0.648
4	2	4	0.643
4	2	8	0.601
4	2	16	0.537
4	2	32	0.496
4	2	64	0.47
4	4	0.0625	0.577
4	4	0.125	0.58
4	4	0.25	0.588
4	4	0.5	0.6
4	4	1	0.615
4	4	2	0.619
4	4	4	0.602
4	4	8	0.555
4	4	16	0.487
4	4	32	0.443
4	4	64	0.414
4	8	0.0625	0.531
4	8	0.125	0.534
4	8	0.25	0.543
4	8	0.5	0.556
4	8	1	0.571
4	8	2	0.572
4	8	4	0.553
4	8	8	0.502
4	8	16	0.436
4	8	32	0.389
4	8	64	0.362
4	16	0.0625	0.492
4	16	0.125	0.495
4	16	0.25	0.504
4	16	0.5	0.517
4	16	1	0.533
4	16	2	0.538
4	16	4	0.521
4	16	8	0.467
4	16	16	0.404
4	16	32	0.371
4	16	64	0.348
4	32	0.0625	0.464
4	32	0.125	0.467
4	32	0.25	0.475
4	32	0.5	0.49
4	32	1	0.507
4	32	2	0.514
4	32	4	0.498
4	32	8	0.438
4	32	16	0.384
4	32	32	0.355
4	32	64	0.339
4	64	0.0625	0.44
4	64	0.125	0.443
4	64	0.25	0.451
4	64	0.5	0.465
4	64	1	0.481
4	64	2	0.49
4	64	4	0.476
4	64	8	0.415
4	64	16	0.363
4	64	32	0.34
4	64	64	0.327
